id,coll_sn,coll_msg_size_bytes,mean_coll_busbw_gbs,log_count,n_ranks,nnodes,coll_start_timestamp_us,coll_end_timestamp_us,coll_duration_us,human_readable_coll_msg_size_bytes,coll_start_datetime,coll_end_datetime,coll_duration_human
0xb4c94d36a0fc36,10,268435456,12.1853015,4,[4],[1],1766058229487793,1766058229488236,443,268.44MB,2025-12-18 19:43:49.487,2025-12-18 19:43:49.488,443.0μs
0xb4c94d36a0fc36,11,268435456,12.16860925,4,[4],[1],1766058229520883,1766058229521323,440,268.44MB,2025-12-18 19:43:49.520,2025-12-18 19:43:49.521,440.0μs
0xb4c94d36a0fc36,12,268435456,12.116793750000001,4,[4],[1],1766058229554134,1766058229554522,388,268.44MB,2025-12-18 19:43:49.554,2025-12-18 19:43:49.554,388.0μs
0xb4c94d36a0fc36,13,268435456,12.1428295,4,[4],[1],1766058229587266,1766058229587719,453,268.44MB,2025-12-18 19:43:49.587,2025-12-18 19:43:49.587,453.0μs
0xb4c94d36a0fc36,14,268435456,12.267316500000002,4,[4],[1],1766058229620122,1766058229620516,394,268.44MB,2025-12-18 19:43:49.620,2025-12-18 19:43:49.620,394.0μs
0xb4c94d36a0fc36,15,268435456,12.169712999999998,4,[4],[1],1766058229653213,1766058229653633,420,268.44MB,2025-12-18 19:43:49.653,2025-12-18 19:43:49.653,420.0μs
0xb4c94d36a0fc36,16,268435456,12.18121775,4,[4],[1],1766058229686238,1766058229686678,440,268.44MB,2025-12-18 19:43:49.686,2025-12-18 19:43:49.686,440.0μs
0xb4c94d36a0fc36,17,268435456,12.1451185,4,[4],[1],1766058229719432,1766058229719836,404,268.44MB,2025-12-18 19:43:49.719,2025-12-18 19:43:49.719,404.0μs
0xb4c94d36a0fc36,18,268435456,12.1895145,4,[4],[1],1766058229752459,1766058229752866,407,268.44MB,2025-12-18 19:43:49.752,2025-12-18 19:43:49.752,407.0μs
0xb4c94d36a0fc36,19,268435456,12.21808925,4,[4],[1],1766058229785429,1766058229785835,406,268.44MB,2025-12-18 19:43:49.785,2025-12-18 19:43:49.785,406.0μs
0xb4c94d36a0fc36,142,268435456,12.28854175,4,[4],[1],1766058233491703,1766058233492061,358,268.44MB,2025-12-18 19:43:53.491,2025-12-18 19:43:53.492,358.0μs
0xb4c94d36a0fc36,143,268435456,12.27050475,4,[4],[1],1766058233524719,1766058233525140,421,268.44MB,2025-12-18 19:43:53.524,2025-12-18 19:43:53.525,421.0μs
0xb4c94d36a0fc36,144,268435456,12.18048125,4,[4],[1],1766058233557785,1766058233558191,406,268.44MB,2025-12-18 19:43:53.557,2025-12-18 19:43:53.558,406.0μs
0xb4c94d36a0fc36,145,268435456,12.14969975,4,[4],[1],1766058233590921,1766058233591358,437,268.44MB,2025-12-18 19:43:53.590,2025-12-18 19:43:53.591,437.0μs
0xb4c94d36a0fc36,146,268435456,12.168333,4,[4],[1],1766058233624002,1766058233624443,441,268.44MB,2025-12-18 19:43:53.624,2025-12-18 19:43:53.624,441.0μs
0xb4c94d36a0fc36,147,268435456,12.19080625,4,[4],[1],1766058233657032,1766058233657468,436,268.44MB,2025-12-18 19:43:53.657,2025-12-18 19:43:53.657,436.0μs
0xb4c94d36a0fc36,148,268435456,12.205957999999999,4,[4],[1],1766058233690035,1766058233690492,457,268.44MB,2025-12-18 19:43:53.690,2025-12-18 19:43:53.690,457.0μs
0xb4c94d36a0fc36,149,268435456,12.0680415,4,[4],[1],1766058233723389,1766058233723851,462,268.44MB,2025-12-18 19:43:53.723,2025-12-18 19:43:53.723,462.0μs
0xb4c94d36a0fc36,150,268435456,12.1538255,4,[4],[1],1766058233756522,1766058233756983,461,268.44MB,2025-12-18 19:43:53.756,2025-12-18 19:43:53.756,461.0μs
0xb4c94d36a0fc36,151,268435456,12.1856415,4,[4],[1],1766058233789601,1766058233790018,417,268.44MB,2025-12-18 19:43:53.789,2025-12-18 19:43:53.790,417.0μs
0xb4c94d36a0fc36,152,268435456,12.1428295,4,[4],[1],1766058233822751,1766058233823152,401,268.44MB,2025-12-18 19:43:53.822,2025-12-18 19:43:53.823,401.0μs
0xb4c94d36a0fc36,153,268435456,12.164565,4,[4],[1],1766058233855876,1766058233856291,415,268.44MB,2025-12-18 19:43:53.855,2025-12-18 19:43:53.856,415.0μs
0xb4c94d36a0fc36,154,268435456,12.15492575,4,[4],[1],1766058233889004,1766058233889394,390,268.44MB,2025-12-18 19:43:53.889,2025-12-18 19:43:53.889,390.0μs
0xb4c94d36a0fc36,155,268435456,12.1518075,4,[4],[1],1766058233922162,1766058233922567,405,268.44MB,2025-12-18 19:43:53.922,2025-12-18 19:43:53.922,405.0μs
0xb4c94d36a0fc36,156,268435456,12.193854,4,[4],[1],1766058233955173,1766058233955561,388,268.44MB,2025-12-18 19:43:53.955,2025-12-18 19:43:53.955,388.0μs
0xb4c94d36a0fc36,157,268435456,12.153367,4,[4],[1],1766058233988284,1766058233988711,427,268.44MB,2025-12-18 19:43:53.988,2025-12-18 19:43:53.988,427.0μs
0xb4c94d36a0fc36,158,268435456,12.1564855,4,[4],[1],1766058234021398,1766058234021847,449,268.44MB,2025-12-18 19:43:54.021,2025-12-18 19:43:54.021,449.0μs
0xb4c94d36a0fc36,159,268435456,12.252385,4,[4],[1],1766058234054311,1766058234054693,382,268.44MB,2025-12-18 19:43:54.054,2025-12-18 19:43:54.054,382.0μs
0xb4c94d36a0fc36,160,268435456,12.159972999999999,4,[4],[1],1766058234087420,1766058234087816,396,268.44MB,2025-12-18 19:43:54.087,2025-12-18 19:43:54.087,396.0μs
0xb4c94d36a0fc36,161,268435456,12.16713825,4,[4],[1],1766058234120516,1766058234120940,424,268.44MB,2025-12-18 19:43:54.120,2025-12-18 19:43:54.120,424.0μs
0xb4c94d36a0fc36,162,268435456,12.2119735,4,[4],[1],1766058234153484,1766058234153886,402,268.44MB,2025-12-18 19:43:54.153,2025-12-18 19:43:54.153,402.0μs
0xb4c94d36a0fc36,163,268435456,12.1668625,4,[4],[1],1766058234186582,1766058234186982,400,268.44MB,2025-12-18 19:43:54.186,2025-12-18 19:43:54.186,400.0μs
0xb4c94d36a0fc36,164,268435456,12.181862250000002,4,[4],[1],1766058234219666,1766058234220062,396,268.44MB,2025-12-18 19:43:54.219,2025-12-18 19:43:54.220,396.0μs
0xb4c94d36a0fc36,165,268435456,12.16769,4,[4],[1],1766058234252721,1766058234253144,423,268.44MB,2025-12-18 19:43:54.252,2025-12-18 19:43:54.253,423.0μs
0xb4c94d36a0fc36,166,268435456,12.24502575,4,[4],[1],1766058234285657,1766058234286058,401,268.44MB,2025-12-18 19:43:54.285,2025-12-18 19:43:54.286,401.0μs
0xb4c94d36a0fc36,167,268435456,12.2237445,4,[4],[1],1766058234318566,1766058234318976,410,268.44MB,2025-12-18 19:43:54.318,2025-12-18 19:43:54.318,410.0μs
0xb4c94d36a0fc36,168,268435456,12.26273975,4,[4],[1],1766058234351402,1766058234351833,431,268.44MB,2025-12-18 19:43:54.351,2025-12-18 19:43:54.351,431.0μs
0xb4c94d36a0fc36,169,268435456,12.148967,4,[4],[1],1766058234384562,1766058234384976,414,268.44MB,2025-12-18 19:43:54.384,2025-12-18 19:43:54.384,414.0μs
0xb4c94d36a0fc36,170,268435456,12.169712749999999,4,[4],[1],1766058234417625,1766058234418059,434,268.44MB,2025-12-18 19:43:54.417,2025-12-18 19:43:54.418,434.0μs
0xb4c94d36a0fc36,171,268435456,12.154834750000001,4,[4],[1],1766058234450784,1766058234451227,443,268.44MB,2025-12-18 19:43:54.450,2025-12-18 19:43:54.451,443.0μs
0xb4c94d36a0fc36,172,268435456,12.177533749999998,4,[4],[1],1766058234483833,1766058234484265,432,268.44MB,2025-12-18 19:43:54.483,2025-12-18 19:43:54.484,432.0μs
0xb4c94d36a0fc36,173,268435456,12.187577749999999,4,[4],[1],1766058234516872,1766058234517350,478,268.44MB,2025-12-18 19:43:54.516,2025-12-18 19:43:54.517,478.0μs
0xb4c94d36a0fc36,174,268435456,12.168057750000001,4,[4],[1],1766058234550004,1766058234550410,406,268.44MB,2025-12-18 19:43:54.550,2025-12-18 19:43:54.550,406.0μs
0xb4c94d36a0fc36,175,268435456,12.235816999999999,4,[4],[1],1766058234582924,1766058234583326,402,268.44MB,2025-12-18 19:43:54.582,2025-12-18 19:43:54.583,402.0μs
0xb4c94d36a0fc36,176,268435456,12.15336675,4,[4],[1],1766058234616061,1766058234616467,406,268.44MB,2025-12-18 19:43:54.616,2025-12-18 19:43:54.616,406.0μs
0xb4c94d36a0fc36,177,268435456,12.145301750000002,4,[4],[1],1766058234649202,1766058234649598,396,268.44MB,2025-12-18 19:43:54.649,2025-12-18 19:43:54.649,396.0μs
0xb4c94d36a0fc36,178,268435456,12.193483,4,[4],[1],1766058234682237,1766058234682657,420,268.44MB,2025-12-18 19:43:54.682,2025-12-18 19:43:54.682,420.0μs
0xb4c94d36a0fc36,179,268435456,12.1941295,4,[4],[1],1766058234715261,1766058234715668,407,268.44MB,2025-12-18 19:43:54.715,2025-12-18 19:43:54.715,407.0μs
0xb4c94d36a0fc36,180,268435456,12.185365749999999,4,[4],[1],1766058234748289,1766058234748748,459,268.44MB,2025-12-18 19:43:54.748,2025-12-18 19:43:54.748,459.0μs
0xb4c94d36a0fc36,181,268435456,12.15483425,4,[4],[1],1766058234781438,1766058234781861,423,268.44MB,2025-12-18 19:43:54.781,2025-12-18 19:43:54.781,423.0μs
0xb4c94d36a0fc36,182,268435456,12.15602675,4,[4],[1],1766058234814580,1766058234814980,400,268.44MB,2025-12-18 19:43:54.814,2025-12-18 19:43:54.814,400.0μs
0xb4c94d36a0fc36,183,268435456,12.18342875,4,[4],[1],1766058234847607,1766058234848042,435,268.44MB,2025-12-18 19:43:54.847,2025-12-18 19:43:54.848,435.0μs
0xb4c94d36a0fc36,184,268435456,12.225229500000001,4,[4],[1],1766058234880521,1766058234880997,476,268.44MB,2025-12-18 19:43:54.880,2025-12-18 19:43:54.880,476.0μs
0xb4c94d36a0fc36,185,268435456,12.1669545,4,[4],[1],1766058234913660,1766058234914068,408,268.44MB,2025-12-18 19:43:54.913,2025-12-18 19:43:54.914,408.0μs
0xb4c94d36a0fc36,186,268435456,12.167231,4,[4],[1],1766058234946752,1766058234947149,397,268.44MB,2025-12-18 19:43:54.946,2025-12-18 19:43:54.947,397.0μs
0xb4c94d36a0fc36,187,268435456,12.199487000000001,4,[4],[1],1766058234979780,1766058234980162,382,268.44MB,2025-12-18 19:43:54.979,2025-12-18 19:43:54.980,382.0μs
0xb4c94d36a0fc36,188,268435456,12.234794249999998,4,[4],[1],1766058235012687,1766058235013090,403,268.44MB,2025-12-18 19:43:55.012,2025-12-18 19:43:55.013,403.0μs
0xb4c94d36a0fc36,189,268435456,12.1447525,4,[4],[1],1766058235045831,1766058235046265,434,268.44MB,2025-12-18 19:43:55.045,2025-12-18 19:43:55.046,434.0μs
0xb4c94d36a0fc36,190,268435456,12.18407425,4,[4],[1],1766058235078862,1766058235079303,441,268.44MB,2025-12-18 19:43:55.078,2025-12-18 19:43:55.079,441.0μs
0xb4c94d36a0fc36,191,268435456,12.13532725,4,[4],[1],1766058235112034,1766058235112525,491,268.44MB,2025-12-18 19:43:55.112,2025-12-18 19:43:55.112,491.0μs
0xb4c94d36a0fc36,192,268435456,12.16743525,4,[4],[1],1766058235145216,1766058235145527,311,268.44MB,2025-12-18 19:43:55.145,2025-12-18 19:43:55.145,311.0μs
0xb4c94d36a0fc36,193,268435456,12.24393125,4,[4],[1],1766058235178373,1766058235178705,332,268.44MB,2025-12-18 19:43:55.178,2025-12-18 19:43:55.178,332.0μs
0xb4c94d36a0fc36,194,268435456,12.27983175,4,[4],[1],1766058235211320,1766058235211777,457,268.44MB,2025-12-18 19:43:55.211,2025-12-18 19:43:55.211,457.0μs
0xb4c94d36a0fc36,195,268435456,12.14328725,4,[4],[1],1766058235244524,1766058235244935,411,268.44MB,2025-12-18 19:43:55.244,2025-12-18 19:43:55.244,411.0μs
0xb4c94d36a0fc36,196,268435456,12.182876,4,[4],[1],1766058235277535,1766058235278009,474,268.44MB,2025-12-18 19:43:55.277,2025-12-18 19:43:55.278,474.0μs
0xb4c94d36a0fc36,197,268435456,12.138711749999999,4,[4],[1],1766058235310757,1766058235311185,428,268.44MB,2025-12-18 19:43:55.310,2025-12-18 19:43:55.311,428.0μs
0xb4c94d36a0fc36,198,268435456,12.162085249999999,4,[4],[1],1766058235343872,1766058235344261,389,268.44MB,2025-12-18 19:43:55.343,2025-12-18 19:43:55.344,389.0μs
0xb4c94d36a0fc36,199,268435456,12.234050499999999,4,[4],[1],1766058235376770,1766058235377206,436,268.44MB,2025-12-18 19:43:55.376,2025-12-18 19:43:55.377,436.0μs
0xb4c94d36a0fc36,200,268435456,12.155384999999999,4,[4],[1],1766058235409910,1766058235410326,416,268.44MB,2025-12-18 19:43:55.409,2025-12-18 19:43:55.410,416.0μs
0xb4c94d36a0fc36,201,268435456,12.17017225,4,[4],[1],1766058235442996,1766058235443390,394,268.44MB,2025-12-18 19:43:55.442,2025-12-18 19:43:55.443,394.0μs
0xb4c94d36a0fc36,202,268435456,12.1432875,4,[4],[1],1766058235476145,1766058235476539,394,268.44MB,2025-12-18 19:43:55.476,2025-12-18 19:43:55.476,394.0μs
0xb4c94d36a0fc36,203,268435456,12.155292750000001,4,[4],[1],1766058235509299,1766058235509694,395,268.44MB,2025-12-18 19:43:55.509,2025-12-18 19:43:55.509,395.0μs
0xb4c94d36a0fc36,204,268435456,12.1618095,4,[4],[1],1766058235542409,1766058235542805,396,268.44MB,2025-12-18 19:43:55.542,2025-12-18 19:43:55.542,396.0μs
0xb4c94d36a0fc36,205,268435456,12.158412499999999,4,[4],[1],1766058235575497,1766058235575929,432,268.44MB,2025-12-18 19:43:55.575,2025-12-18 19:43:55.575,432.0μs
0xb4c94d36a0fc36,206,268435456,12.17799375,4,[4],[1],1766058235608581,1766058235608978,397,268.44MB,2025-12-18 19:43:55.608,2025-12-18 19:43:55.608,397.0μs
0xb4c94d36a0fc36,207,268435456,12.28041125,4,[4],[1],1766058235641389,1766058235641772,383,268.44MB,2025-12-18 19:43:55.641,2025-12-18 19:43:55.641,383.0μs
0xb4c94d36a0fc36,208,268435456,12.202074000000001,4,[4],[1],1766058235674370,1766058235674807,437,268.44MB,2025-12-18 19:43:55.674,2025-12-18 19:43:55.674,437.0μs
0xb4c94d36a0fc36,209,268435456,12.032967750000001,4,[4],[1],1766058235707860,1766058235708244,384,268.44MB,2025-12-18 19:43:55.707,2025-12-18 19:43:55.708,384.0μs
0xb4c94d36a0fc36,210,268435456,12.140084,4,[4],[1],1766058235741048,1766058235741469,421,268.44MB,2025-12-18 19:43:55.741,2025-12-18 19:43:55.741,421.0μs
0xb4c94d36a0fc36,211,268435456,12.183890250000001,4,[4],[1],1766058235774071,1766058235774496,425,268.44MB,2025-12-18 19:43:55.774,2025-12-18 19:43:55.774,425.0μs
0xb4c94d36a0fc36,212,268435456,12.1570365,4,[4],[1],1766058235807226,1766058235807634,408,268.44MB,2025-12-18 19:43:55.807,2025-12-18 19:43:55.807,408.0μs
0xb4c94d36a0fc36,213,268435456,12.1397175,4,[4],[1],1766058235840382,1766058235840804,422,268.44MB,2025-12-18 19:43:55.840,2025-12-18 19:43:55.840,422.0μs
0xb4c94d36a0fc36,214,268435456,12.158412499999999,4,[4],[1],1766058235873503,1766058235873907,404,268.44MB,2025-12-18 19:43:55.873,2025-12-18 19:43:55.873,404.0μs
0xb4c94d36a0fc36,215,268435456,12.260966,4,[4],[1],1766058235906321,1766058235906749,428,268.44MB,2025-12-18 19:43:55.906,2025-12-18 19:43:55.906,428.0μs
0xb4c94d36a0fc36,216,268435456,12.174588,4,[4],[1],1766058235939434,1766058235939829,395,268.44MB,2025-12-18 19:43:55.939,2025-12-18 19:43:55.939,395.0μs
0xb4c94d36a0fc36,217,268435456,12.1825075,4,[4],[1],1766058235972455,1766058235972881,426,268.44MB,2025-12-18 19:43:55.972,2025-12-18 19:43:55.972,426.0μs
0xb4c94d36a0fc36,218,268435456,12.14576,4,[4],[1],1766058236005597,1766058236006023,426,268.44MB,2025-12-18 19:43:56.005,2025-12-18 19:43:56.006,426.0μs
0xb4c94d36a0fc36,219,268435456,12.220498,4,[4],[1],1766058236038578,1766058236039022,444,268.44MB,2025-12-18 19:43:56.038,2025-12-18 19:43:56.039,444.0μs
0xb4c94d36a0fc36,220,268435456,12.197915,4,[4],[1],1766058236071622,1766058236072003,381,268.44MB,2025-12-18 19:43:56.071,2025-12-18 19:43:56.072,381.0μs
0xb4c94d36a0fc36,221,268435456,12.14255475,4,[4],[1],1766058236104763,1766058236105186,423,268.44MB,2025-12-18 19:43:56.104,2025-12-18 19:43:56.105,423.0μs
0xb4c94d36a0fc36,222,268435456,12.15657725,4,[4],[1],1766058236137909,1766058236138308,399,268.44MB,2025-12-18 19:43:56.137,2025-12-18 19:43:56.138,399.0μs
0xb4c94d36a0fc36,223,268435456,12.2192925,4,[4],[1],1766058236170837,1766058236171259,422,268.44MB,2025-12-18 19:43:56.170,2025-12-18 19:43:56.171,422.0μs
0xb4c94d36a0fc36,224,268435456,12.2315445,4,[4],[1],1766058236203779,1766058236204204,425,268.44MB,2025-12-18 19:43:56.203,2025-12-18 19:43:56.204,425.0μs
0xb4c94d36a0fc36,225,268435456,12.13295125,4,[4],[1],1766058236236973,1766058236237383,410,268.44MB,2025-12-18 19:43:56.236,2025-12-18 19:43:56.237,410.0μs
0xb4c94d36a0fc36,226,268435456,12.166771,4,[4],[1],1766058236270061,1766058236270468,407,268.44MB,2025-12-18 19:43:56.270,2025-12-18 19:43:56.270,407.0μs
0xb4c94d36a0fc36,227,268435456,12.1651165,4,[4],[1],1766058236303147,1766058236303605,458,268.44MB,2025-12-18 19:43:56.303,2025-12-18 19:43:56.303,458.0μs
0xb4c94d36a0fc36,228,268435456,12.18969925,4,[4],[1],1766058236336175,1766058236336634,459,268.44MB,2025-12-18 19:43:56.336,2025-12-18 19:43:56.336,459.0μs
0xb4c94d36a0fc36,229,268435456,12.14594325,4,[4],[1],1766058236369373,1766058236369779,406,268.44MB,2025-12-18 19:43:56.369,2025-12-18 19:43:56.369,406.0μs
0xb4c94d36a0fc36,230,268435456,12.22031325,4,[4],[1],1766058236402292,1766058236402756,464,268.44MB,2025-12-18 19:43:56.402,2025-12-18 19:43:56.402,464.0μs
0xb4c94d36a0fc36,231,268435456,12.17624525,4,[4],[1],1766058236435376,1766058236435788,412,268.44MB,2025-12-18 19:43:56.435,2025-12-18 19:43:56.435,412.0μs
0xb4c94d36a0fc36,232,268435456,12.245305250000001,4,[4],[1],1766058236468290,1766058236468718,428,268.44MB,2025-12-18 19:43:56.468,2025-12-18 19:43:56.468,428.0μs
0xb4c94d36a0fc36,233,268435456,12.191729,4,[4],[1],1766058236501329,1766058236501713,384,268.44MB,2025-12-18 19:43:56.501,2025-12-18 19:43:56.501,384.0μs
0xb4c94d36a0fc36,234,268435456,12.15712775,4,[4],[1],1766058236534420,1766058236534868,448,268.44MB,2025-12-18 19:43:56.534,2025-12-18 19:43:56.534,448.0μs
0xb4c94d36a0fc36,235,268435456,12.13843675,4,[4],[1],1766058236567607,1766058236568029,422,268.44MB,2025-12-18 19:43:56.567,2025-12-18 19:43:56.568,422.0μs
0xb4c94d36a0fc36,236,268435456,12.26376725,4,[4],[1],1766058236600461,1766058236600887,426,268.44MB,2025-12-18 19:43:56.600,2025-12-18 19:43:56.600,426.0μs
0xb4c94d36a0fc36,237,268435456,12.161442,4,[4],[1],1766058236633546,1766058236633966,420,268.44MB,2025-12-18 19:43:56.633,2025-12-18 19:43:56.633,420.0μs
0xb4c94d36a0fc36,238,268435456,12.17633725,4,[4],[1],1766058236666626,1766058236667056,430,268.44MB,2025-12-18 19:43:56.666,2025-12-18 19:43:56.667,430.0μs
0xb4c94d36a0fc36,239,268435456,12.173945749999998,4,[4],[1],1766058236699679,1766058236700136,457,268.44MB,2025-12-18 19:43:56.699,2025-12-18 19:43:56.700,457.0μs
0xb4c94d36a0fc36,240,268435456,12.196161000000002,4,[4],[1],1766058236732732,1766058236733136,404,268.44MB,2025-12-18 19:43:56.732,2025-12-18 19:43:56.733,404.0μs
0xb4c94d36a0fc36,241,268435456,12.122631499999999,4,[4],[1],1766058236765945,1766058236766367,422,268.44MB,2025-12-18 19:43:56.765,2025-12-18 19:43:56.766,422.0μs
0xb4c94d36a0fc36,242,268435456,12.177902,4,[4],[1],1766058236799032,1766058236799454,422,268.44MB,2025-12-18 19:43:56.799,2025-12-18 19:43:56.799,422.0μs
0xb4c94d36a0fc36,243,268435456,12.203845999999999,4,[4],[1],1766058236832038,1766058236832404,366,268.44MB,2025-12-18 19:43:56.832,2025-12-18 19:43:56.832,366.0μs
